1.960000000000000000e+05
1.910000000000000000e+05
1.860000000000000000e+05
1.960000000000000000e+05
1.260000000000000000e+05
1.310000000000000000e+05
1.010000000000000000e+05
1.010000000000000000e+05
1.100000000000000000e+04
4.610000000000000000e+05
2.310000000000000000e+05
1.610000000000000000e+05
1.860000000000000000e+05
2.010000000000000000e+05
1.110000000000000000e+05
1.110000000000000000e+05
1.010000000000000000e+05
4.600000000000000000e+04
3.710000000000000000e+05
1.660000000000000000e+05
1.610000000000000000e+05
1.660000000000000000e+05
1.660000000000000000e+05
1.310000000000000000e+05
1.110000000000000000e+05
1.060000000000000000e+05
1.010000000000000000e+05
3.360000000000000000e+05
2.160000000000000000e+05
1.810000000000000000e+05
1.360000000000000000e+05
1.610000000000000000e+05
1.510000000000000000e+05
1.160000000000000000e+05
1.160000000000000000e+05
1.060000000000000000e+05
4.910000000000000000e+05
2.610000000000000000e+05
1.810000000000000000e+05
1.860000000000000000e+05
1.510000000000000000e+05
2.110000000000000000e+05
1.360000000000000000e+05
1.910000000000000000e+05
1.360000000000000000e+05
5.110000000000000000e+05
2.360000000000000000e+05
1.910000000000000000e+05
2.560000000000000000e+05
1.660000000000000000e+05
2.010000000000000000e+05
1.660000000000000000e+05
1.610000000000000000e+05
1.710000000000000000e+05
1.610000000000000000e+05
4.260000000000000000e+05
2.860000000000000000e+05
2.160000000000000000e+05
2.010000000000000000e+05
1.910000000000000000e+05
1.710000000000000000e+05
1.660000000000000000e+05
1.910000000000000000e+05
2.960000000000000000e+05
3.360000000000000000e+05
4.910000000000000000e+05
2.710000000000000000e+05
2.360000000000000000e+05
2.160000000000000000e+05
2.210000000000000000e+05
2.360000000000000000e+05
2.110000000000000000e+05
1.110000000000000000e+05
3.210000000000000000e+05
1.110000000000000000e+05
6.460000000000000000e+05
4.510000000000000000e+05
3.710000000000000000e+05
4.460000000000000000e+05
4.860000000000000000e+05
1.310000000000000000e+05
