6.004625141496744423e-02
1.049537147230639317e-01
1.208066723992201191e-01
2.183441157987213166e-01
2.232966985045706509e-01
2.123411999500945946e-01
2.229975008186552143e-01
2.220016601664748235e-01
2.227091943096397852e-01
2.684489898532777530e-01
2.589412620870529258e-01
2.776310378288643910e-01
2.746807624087876376e-01
2.807987240883251800e-01
2.772402773500202144e-01
2.813983021373487325e-01
2.794323998160903044e-01
2.803155188690112931e-01
2.815784311325389977e-01
2.864236023517728880e-01
2.797958721757987099e-01
2.846978635111969136e-01
2.874179351139292682e-01
2.897962660771168375e-01
2.845170675627284318e-01
2.759028957837682539e-01
2.827410430772183125e-01
2.743232377085264573e-01
2.813458449089201729e-01
2.838591632206957094e-01
2.825879946121481745e-01
